23.30436658859253
14.482141971588135
17.991688013076782
10.746210098266602
17.841838121414185
16.155951499938965
14.528509378433228
13.937527894973755
18.88332462310791
16.904192209243774
19.44459867477417
19.89846396446228
13.71101427078247
9.811228275299072
15.302341938018799
15.763230085372925
1.8559534549713135
24.259118795394897
13.35705018043518
23.34740400314331
11.356441259384155
12.351946830749512
11.0215425491333
12.305269956588745
11.078608274459839
11.29189157485962
11.96803879737854
12.757291078567505
11.74616289138794
12.454663753509521
12.422999143600464
11.627214431762695
11.579124689102173
11.568534851074219
11.273996591567993
11.821996212005615
11.059689283370972
11.087625503540039
11.534603357315063
11.601317167282104
11.886381149291992
12.618844985961914
11.97038745880127
11.126814126968384
11.214379072189331
12.638911962509155
24.04126501083374
23.084447145462036
23.294732570648193
24.806084871292114
25.1226909160614
23.863601684570312
23.219326734542847
25.569972038269043
24.04623246192932
23.297507524490356
24.431560754776
23.18754482269287
23.50368070602417
24.030675411224365
23.66534399986267
24.574905395507812
23.232590198516846
23.35750722885132
23.935193061828613
23.246144771575928
23.579671144485474
23.296228885650635
23.383405208587646
23.363649129867554
23.59027338027954
24.113738298416138
23.95760154724121
24.16596031188965
24.336583375930786
22.984436511993408
24.473352909088135
23.55543351173401
23.199708938598633
12.804025650024414
23.089609622955322
14.234467267990112
23.093669176101685
13.04262924194336
24.096811532974243
12.934324026107788
24.28585433959961
13.153178215026855
23.93007469177246
11.745429754257202
23.940340518951416
13.395708084106445
24.058549880981445
11.475707292556763
23.42647624015808
12.905057191848755
23.247040271759033
12.105682611465454
24.346691131591797
13.395164489746094
24.20619487762451
12.926031827926636
24.76801085472107
12.893310070037842
23.88505721092224
13.28730583190918
24.78842520713806
13.199702262878418
24.042898893356323
13.583495616912842
23.274722814559937
12.603234767913818
12.991571187973022
11.532750844955444
14.131871223449707
13.558970212936401
13.738797664642334
13.190967559814453
12.62083125114441
13.484044790267944
14.688842058181763
23.80458903312683
24.88091015815735
24.155938863754272
24.355865001678467
23.88102889060974
24.69940733909607
13.720519542694092
13.533506155014038
12.48267412185669
12.894386053085327
12.571762561798096
13.657010555267334
13.123374938964844
12.82734489440918
13.263023376464844
13.277066230773926
